1 1951 8 23 1 江苏省 0 2015 10 30 1 NULL
2 1973 10 12 1 江苏省 1 2 1
3 1996 10 10 1 江苏省 1 2 1
4 1997 9 25 1 江苏省 1 2 1 
5 1992 10 1 1 江苏省 1 3 2
6 2015 10 2 1 江苏省 1 3 2
7 1992 10 1 1 江苏省 1 3 3
8 1992 10 1 1 江苏省 1 3 3
9 1992 10 1 1 江苏省 1 3 4
10 1992 10 1 1 江苏省 1 3 4
11 1992 10 1 1 江苏省 1 4 5
12 1992 10 1 1 江苏省 1 4 5
13 1992 10 1 1 江苏省 1 4 6
14 1992 10 1 1 江苏省 1 4 6
15 1992 10 1 1 江苏省 1 4 7
16 1992 10 1 1 江苏省 1 4 7
17 1992 10 1 1 江苏省 1 4 8
18 1992 10 1 1 江苏省 1 4 8
19 1992 10 1 0 江苏省 1 4 9
20 1992 10 1 0 江苏省 1 4 9
22 1992 10 1 0 江苏省 1 4 10
23 1992 10 1 0 江苏省 1 4 10
24 1992 10 1 0 江苏省 1 5 11
25 1992 10 1 0 江苏省 1 5 12
26 1992 10 1 0 江苏省 1 5 13
27 1992 10 1 0 江苏省 1 5 14
28 1992 10 1 0 江苏省 1 5 15
29 1992 10 1 0 江苏省 1 5 16
30 1992 10 1 0 江苏省 1 5 17
31 1992 10 1 0 江苏省 1 5 18